25 15 10 6 2 9 7 4 24 13 21 14 17 12 16 8 18 3 11 20 19
4 2 5 19 17 18 3 10 13 12 7 14 16 20 21 6 8 25 1 23 22
6 8 16 14 9 4 7 17 10 23 2 15 12 22 3 1 5 24 13 18 21
18 17 20 9 16 3 13 5 12 7 25 15 10 2 8 14 6 1 4 19 11
21 14 11 19 5 16 1 23 12 2 17 3 25 20 22 18 9 6 10 15 7
18 20 8 4 24 7 15 9 1 23 5 14 16 25 21 10 17 2 19 3 13
21 8 5 4 20 18 7 11 22 2 13 16 15 10 19 24 9 25 1 3 12
18 15 13 21 16 23 2 5 9 10 14 19 11 8 24 17 25 4 1 7 3
12 15 13 21 16 10 2 19 9 17 3 7 20 14 18 24 1 6 11 25 23
13 4 12 9 2 21 10 23 24 1 5 6 14 8 22 15 17 20 11 3 7
3 1 7 15 20 5 11 25 16 10 14 22 4 19 13 2 8 23 21 24 17
22 23 7 16 10 25 5 20 8 13 9 11 3 6 14 1 4 18 15 17 12
20 6 15 19 2 11 25 17 9 10 13 8 16 24 5 12 1 7 3 23 18
4 8 17 11 20 7 21 13 23 18 3 2 10 19 22 1 15 14 12 5 6
10 17 1 20 21 9 22 4 25 3 2 11 7 15 19 13 12 18 8 16 5
8 1 15 9 25 19 5 2 7 13 22 21 16 3 24 23 12 11 18 6 14
7 19 9 10 16 21 18 3 2 24 13 4 17 6 11 25 8 23 22 5 20
8 10 3 19 15 7 17 5 22 18 14 24 1 21 12 11 16 2 6 20 23
7 13 6 5 20 1 12 8 3 9 25 14 18 2 11 10 15 17 23 4 16
9 10 25 18 24 1 6 5 20 15 17 21 4 3 19 14 23 11 2 8 13
18 10 2 6 23 14 9 11 3 7 4 24 19 15 16 22 21 12 1 20 8
7 4 20 2 16 15 18 13 5 11 23 24 1 10 3 9 8 14 21 19 17
9 1 21 19 5 22 8 3 10 2 17 15 7 14 24 25 16 12 20 11 18
8 20 16 18 23 2 7 12 13 4 21 10 9 17 15 25 22 5 19 1 3
11 21 3 24 10 8 7 18 15 17 6 1 16 25 2 5 19 4 20 14 13
5 1 8 14 6 25 13 23 7 2 9 19 22 11 10 16 21 18 17 3 15
13 24 12 20 14 15 9 4 3 16 17 7 11 21 19 5 8 6 23 18 22
4 9 23 19 8 11 15 24 13 3 7 1 12 2 14 25 20 22 10 6 18
9 14 16 17 20 18 1 12 10 2 6 21 11 5 4 13 8 7 24 19 3
6 16 2 15 3 23 8 20 17 12 14 19 7 22 1 13 10 4 21 25 9
20 8 25 9 10 24 2 3 18 22 4 12 15 23 5 21 13 7 17 1 19
20 13 1 5 19 3 11 17 14 10 4 21 16 25 15 12 8 2 7 6 24